# Instancia generada: N=600 P=42 Q=4 (|J|=168) Cq=4 NCAUSAS=16 SEED=1
# capacidad total = 672  (reclusos = 600)
# pares tatuaje = 1050  pares companeros = 900

set R := 1 2 3 4 5 6 7 8 9 10 11 12 13 14 15 16 17 18 19 20 21 22 23 24 25 26 27 28 29 30 31 32 33 34 35 36 37 38 39 40 41 42 43 44 45 46 47 48 49 50 51 52 53 54 55 56 57 58 59 60 61 62 63 64 65 66 67 68 69 70 71 72 73 74 75 76 77 78 79 80 81 82 83 84 85 86 87 88 89 90 91 92 93 94 95 96 97 98 99 100 101 102 103 104 105 106 107 108 109 110 111 112 113 114 115 116 117 118 119 120 121 122 123 124 125 126 127 128 129 130 131 132 133 134 135 136 137 138 139 140 141 142 143 144 145 146 147 148 149 150 151 152 153 154 155 156 157 158 159 160 161 162 163 164 165 166 167 168 169 170 171 172 173 174 175 176 177 178 179 180 181 182 183 184 185 186 187 188 189 190 191 192 193 194 195 196 197 198 199 200 201 202 203 204 205 206 207 208 209 210 211 212 213 214 215 216 217 218 219 220 221 222 223 224 225 226 227 228 229 230 231 232 233 234 235 236 237 238 239 240 241 242 243 244 245 246 247 248 249 250 251 252 253 254 255 256 257 258 259 260 261 262 263 264 265 266 267 268 269 270 271 272 273 274 275 276 277 278 279 280 281 282 283 284 285 286 287 288 289 290 291 292 293 294 295 296 297 298 299 300 301 302 303 304 305 306 307 308 309 310 311 312 313 314 315 316 317 318 319 320 321 322 323 324 325 326 327 328 329 330 331 332 333 334 335 336 337 338 339 340 341 342 343 344 345 346 347 348 349 350 351 352 353 354 355 356 357 358 359 360 361 362 363 364 365 366 367 368 369 370 371 372 373 374 375 376 377 378 379 380 381 382 383 384 385 386 387 388 389 390 391 392 393 394 395 396 397 398 399 400 401 402 403 404 405 406 407 408 409 410 411 412 413 414 415 416 417 418 419 420 421 422 423 424 425 426 427 428 429 430 431 432 433 434 435 436 437 438 439 440 441 442 443 444 445 446 447 448 449 450 451 452 453 454 455 456 457 458 459 460 461 462 463 464 465 466 467 468 469 470 471 472 473 474 475 476 477 478 479 480 481 482 483 484 485 486 487 488 489 490 491 492 493 494 495 496 497 498 499 500 501 502 503 504 505 506 507 508 509 510 511 512 513 514 515 516 517 518 519 520 521 522 523 524 525 526 527 528 529 530 531 532 533 534 535 536 537 538 539 540 541 542 543 544 545 546 547 548 549 550 551 552 553 554 555 556 557 558 559 560 561 562 563 564 565 566 567 568 569 570 571 572 573 574 575 576 577 578 579 580 581 582 583 584 585 586 587 588 589 590 591 592 593 594 595 596 597 598 599 600 ;
set J := 1 2 3 4 5 6 7 8 9 10 11 12 13 14 15 16 17 18 19 20 21 22 23 24 25 26 27 28 29 30 31 32 33 34 35 36 37 38 39 40 41 42 43 44 45 46 47 48 49 50 51 52 53 54 55 56 57 58 59 60 61 62 63 64 65 66 67 68 69 70 71 72 73 74 75 76 77 78 79 80 81 82 83 84 85 86 87 88 89 90 91 92 93 94 95 96 97 98 99 100 101 102 103 104 105 106 107 108 109 110 111 112 113 114 115 116 117 118 119 120 121 122 123 124 125 126 127 128 129 130 131 132 133 134 135 136 137 138 139 140 141 142 143 144 145 146 147 148 149 150 151 152 153 154 155 156 157 158 159 160 161 162 163 164 165 166 167 168 ;
set C := CAU1 CAU2 CAU3 CAU4 CAU5 CAU6 CAU7 CAU8 CAU9 CAU10 CAU11 CAU12 CAU13 CAU14 CAU15 CAU16 ;

param Cap default 4 ;

param b : CAU1 CAU2 CAU3 CAU4 CAU5 CAU6 CAU7 CAU8 CAU9 CAU10 CAU11 CAU12 CAU13 CAU14 CAU15 CAU16 :=
   1 0 0 0 0 0 0 0 0 0 0 1 0 0 0 0 0
   2 0 0 1 0 0 0 0 0 0 0 0 0 0 1 0 0
   3 0 0 1 0 0 0 0 0 0 0 0 0 0 0 0 1
   4 1 0 0 0 0 0 0 0 0 0 0 0 0 0 0 1
   5 0 0 0 0 0 0 0 0 0 1 0 0 0 0 0 1
   6 0 0 0 0 0 1 0 0 0 0 0 0 1 0 0 0
   7 0 0 0 1 0 0 0 0 0 0 0 0 0 0 1 0
   8 0 0 0 0 1 0 0 0 0 0 0 0 0 0 0 1
   9 0 0 0 0 0 0 0 1 0 0 0 0 0 1 0 0
  10 0 0 0 0 0 1 0 0 0 0 0 0 0 0 0 0
  11 0 0 0 0 0 0 0 0 0 0 0 0 1 0 0 0
  12 0 0 0 0 0 1 0 0 0 0 0 0 0 0 1 0
  13 0 1 0 0 0 0 0 0 0 1 0 0 0 0 0 0
  14 0 0 0 0 0 0 1 0 0 0 0 0 0 0 0 0
  15 0 0 0 0 1 0 0 0 0 0 0 0 0 0 0 0
  16 0 0 0 0 0 0 0 0 0 0 0 0 0 0 1 0
  17 1 0 0 0 0 0 0 0 0 1 0 0 0 0 0 0
  18 1 0 0 0 0 0 0 0 0 0 0 0 0 0 0 0
  19 0 0 0 0 0 0 1 0 0 0 0 0 0 0 0 0
  20 0 0 0 0 0 0 0 1 0 0 0 0 0 0 0 0
  21 0 0 1 0 0 0 1 0 0 0 0 0 0 0 0 0
  22 1 0 0 0 0 0 0 0 0 0 0 0 0 0 0 0
  23 0 1 0 0 0 0 0 0 1 0 0 0 0 0 0 0
  24 0 0 0 0 0 0 0 0 0 0 1 0 1 0 0 0
  25 0 0 0 0 0 0 1 0 0 0 1 0 0 0 0 0
  26 0 0 1 0 1 0 0 0 0 0 0 0 0 0 0 0
  27 0 1 0 0 0 0 0 0 0 0 0 0 0 0 0 0
  28 0 0 0 0 0 0 0 1 0 0 0 0 0 0 0 0
  29 0 0 0 0 0 0 0 0 0 0 0 1 0 0 0 0
  30 0 1 0 0 0 0 0 0 0 1 0 0 0 0 0 0
  31 0 0 0 0 0 0 0 0 0 0 0 0 1 0 0 0
  32 0 0 0 0 0 0 0 0 0 1 0 1 0 0 0 0
  33 0 0 1 0 0 0 1 0 0 0 0 0 0 0 0 0
  34 0 0 0 0 0 0 0 0 0 0 0 1 0 0 0 0
  35 0 0 0 0 0 0 0 0 0 0 1 0 0 1 0 0
  36 0 0 0 0 0 0 0 0 0 0 0 1 1 0 0 0
  37 0 0 0 0 0 0 0 0 0 0 0 0 0 0 1 0
  38 0 0 0 0 0 0 0 0 0 0 0 1 0 1 0 0
  39 0 0 0 1 0 0 0 0 0 0 0 0 0 0 0 0
  40 0 0 0 0 0 0 0 0 0 1 0 1 0 0 0 0
  41 0 0 1 0 0 0 0 0 0 1 0 0 0 0 0 0
  42 0 0 1 0 0 0 0 0 0 0 0 0 0 0 1 0
  43 0 0 0 0 0 0 0 0 1 0 0 0 0 0 0 0
  44 1 0 0 0 0 1 0 0 0 0 0 0 0 0 0 0
  45 0 0 1 0 0 0 0 0 0 0 0 0 0 0 0 1
  46 0 0 1 0 0 0 0 0 0 0 0 0 0 0 1 0
  47 1 1 0 0 0 0 0 0 0 0 0 0 0 0 0 0
  48 0 0 0 0 1 0 0 0 0 0 0 0 0 0 0 1
  49 0 0 0 0 0 1 0 0 0 0 0 0 0 1 0 0
  50 0 0 0 0 0 0 0 0 0 0 0 1 0 1 0 0
  51 1 0 0 0 0 0 0 0 0 0 0 0 0 1 0 0
  52 0 1 0 0 0 0 0 0 0 0 0 0 0 0 0 0
  53 0 0 0 0 0 0 0 0 0 1 0 0 0 0 0 0
  54 0 1 0 0 0 0 0 0 0 0 0 0 1 0 0 0
  55 0 0 0 0 0 0 0 0 0 0 0 0 0 1 0 0
  56 0 0 0 0 0 0 0 1 1 0 0 0 0 0 0 0
  57 0 0 0 0 0 0 0 0 0 0 1 0 0 0 0 1
  58 0 0 0 1 0 0 1 0 0 0 0 0 0 0 0 0
  59 0 0 0 0 0 0 0 1 0 1 0 0 0 0 0 0
  60 1 0 1 0 0 0 0 0 0 0 0 0 0 0 0 0
  61 0 0 0 0 0 1 0 0 0 0 0 1 0 0 0 0
  62 0 0 0 0 0 0 0 0 0 0 0 1 0 0 1 0
  63 1 0 0 0 0 0 0 0 0 0 0 0 0 0 0 0
  64 0 0 0 0 0 0 0 0 0 0 0 0 0 1 0 0
  65 0 0 0 0 0 0 1 0 1 0 0 0 0 0 0 0
  66 0 0 1 0 0 0 0 0 0 0 0 0 0 0 0 0
  67 0 0 1 0 0 0 0 0 0 0 0 0 1 0 0 0
  68 0 0 1 0 0 0 0 0 0 0 0 0 0 0 0 0
  69 0 0 0 0 0 0 0 1 0 1 0 0 0 0 0 0
  70 1 0 0 0 0 0 0 0 1 0 0 0 0 0 0 0
  71 0 0 0 0 0 0 0 0 0 0 0 1 0 0 1 0
  72 0 0 0 0 1 0 0 0 0 1 0 0 0 0 0 0
  73 1 0 0 0 0 0 0 0 0 0 0 0 0 0 0 0
  74 0 0 0 0 0 0 0 0 1 0 0 0 0 0 0 0
  75 0 0 0 0 1 0 0 0 0 0 0 0 1 0 0 0
  76 0 0 0 0 1 0 0 0 0 0 0 0 0 0 0 0
  77 1 0 0 0 0 0 0 0 0 0 0 0 0 1 0 0
  78 0 0 0 0 0 0 1 0 0 0 0 0 0 0 1 0
  79 0 1 0 0 0 0 0 0 0 0 0 0 0 0 0 1
  80 1 0 0 0 0 0 1 0 0 0 0 0 0 0 0 0
  81 0 0 0 0 0 0 1 0 0 0 0 0 0 0 0 0
  82 0 0 0 0 0 0 1 0 0 0 0 0 0 0 0 0
  83 0 0 0 0 0 0 0 0 1 0 0 0 0 1 0 0
  84 0 0 0 0 0 0 0 0 0 0 0 0 0 0 0 1
  85 0 0 0 0 0 0 0 1 1 0 0 0 0 0 0 0
  86 0 0 0 0 0 0 0 1 0 0 0 0 0 0 0 0
  87 0 0 0 0 0 0 0 0 0 0 0 0 1 0 0 1
  88 0 0 0 1 0 0 0 0 0 0 0 0 1 0 0 0
  89 1 0 0 0 0 0 0 0 1 0 0 0 0 0 0 0
  90 0 0 0 0 0 0 0 1 0 0 0 1 0 0 0 0
  91 0 1 1 0 0 0 0 0 0 0 0 0 0 0 0 0
  92 0 0 0 1 0 0 0 0 0 0 0 0 0 0 0 0
  93 0 0 0 0 1 0 0 0 0 0 0 0 0 0 0 0
  94 0 0 0 0 1 0 0 0 0 0 1 0 0 0 0 0
  95 0 0 0 0 0 1 0 0 1 0 0 0 0 0 0 0
  96 0 0 1 0 0 0 0 0 0 0 0 0 0 0 1 0
  97 0 0 0 0 0 0 0 0 0 1 0 0 0 0 0 0
  98 0 0 0 0 0 0 0 0 0 1 0 0 0 0 0 0
  99 0 0 0 0 0 0 0 0 0 1 0 1 0 0 0 0
 100 0 0 0 0 0 0 0 0 0 0 0 0 0 1 0 0
 101 0 1 0 0 0 0 0 0 0 0 0 0 0 0 0 0
 102 0 0 0 0 0 0 0 0 0 0 1 0 0 1 0 0
 103 0 0 0 1 0 0 0 0 0 1 0 0 0 0 0 0
 104 0 0 0 0 0 0 0 0 0 0 0 0 0 0 1 0
 105 0 0 0 0 0 1 0 0 0 0 0 0 0 0 0 0
 106 0 0 0 0 0 0 1 0 0 0 0 0 0 0 1 0
 107 0 0 0 0 0 0 1 0 0 0 0 0 0 0 0 0
 108 0 0 0 0 1 0 0 0 0 0 0 0 0 0 0 0
 109 0 0 0 0 0 1 0 0 0 0 1 0 0 0 0 0
 110 0 0 0 0 0 1 0 0 0 1 0 0 0 0 0 0
 111 0 0 0 0 0 0 0 0 0 0 0 0 1 0 0 0
 112 0 0 0 0 0 0 0 0 1 0 0 0 0 0 0 0
 113 0 0 0 0 0 0 0 1 0 0 0 0 0 0 0 0
 114 0 0 0 0 0 0 0 0 0 0 0 0 1 0 0 0
 115 0 0 0 0 0 0 1 0 0 0 0 0 0 0 0 0
 116 0 0 0 0 0 0 0 1 0 0 0 0 0 0 0 1
 117 0 0 0 0 0 0 0 0 1 0 0 0 0 0 0 1
 118 0 0 0 0 0 0 0 1 0 0 0 0 0 0 0 0
 119 0 0 0 0 0 0 0 1 0 0 0 0 0 0 0 0
 120 0 0 0 1 1 0 0 0 0 0 0 0 0 0 0 0
 121 0 0 1 0 0 0 0 0 0 0 0 0 0 0 0 0
 122 0 0 0 0 0 0 1 0 0 0 0 0 0 0 0 0
 123 1 0 0 0 0 0 0 0 0 0 0 0 0 0 0 0
 124 0 0 0 0 1 0 0 0 0 0 0 0 0 1 0 0
 125 1 0 0 1 0 0 0 0 0 0 0 0 0 0 0 0
 126 0 0 1 0 0 0 0 0 0 0 0 0 0 0 0 0
 127 0 1 0 0 0 0 0 0 0 0 0 0 0 0 0 0
 128 0 0 0 0 0 0 0 1 0 0 0 0 0 0 0 0
 129 0 0 0 0 0 1 0 0 0 0 0 1 0 0 0 0
 130 0 0 0 0 0 0 0 0 0 0 0 1 0 0 0 0
 131 0 0 0 0 0 0 0 0 0 0 0 0 0 0 1 1
 132 0 0 0 0 0 0 0 1 0 0 0 0 0 0 0 0
 133 0 0 0 0 0 0 0 0 0 0 0 1 0 0 0 0
 134 0 1 0 0 0 0 0 0 0 0 0 0 0 0 1 0
 135 0 0 0 0 0 0 1 0 0 0 0 0 0 0 0 0
 136 0 0 0 0 0 0 0 0 1 0 0 0 0 0 0 0
 137 0 0 0 0 0 0 1 0 0 0 1 0 0 0 0 0
 138 0 1 0 0 0 0 0 0 0 0 1 0 0 0 0 0
 139 0 0 0 0 0 0 1 0 0 0 0 0 0 0 0 0
 140 0 0 0 0 1 0 0 0 0 1 0 0 0 0 0 0
 141 1 0 0 0 0 0 0 0 0 0 0 0 0 0 0 0
 142 0 0 0 0 1 0 0 0 0 0 0 0 0 0 1 0
 143 0 0 0 0 0 0 0 0 0 0 0 0 0 0 0 1
 144 0 0 0 0 0 0 0 1 0 0 0 0 1 0 0 0
 145 0 0 0 0 0 0 1 0 0 0 0 0 0 0 0 0
 146 0 0 0 0 0 0 0 0 0 0 1 0 0 0 0 0
 147 0 0 0 0 1 0 0 0 0 0 0 0 0 0 0 0
 148 0 0 0 0 1 0 0 0 0 0 0 0 0 0 0 0
 149 0 0 0 1 0 0 0 0 0 0 0 0 0 0 1 0
 150 0 0 0 0 0 0 0 0 1 0 0 1 0 0 0 0
 151 1 0 0 0 0 0 0 0 1 0 0 0 0 0 0 0
 152 0 0 0 0 0 0 1 0 0 0 0 0 0 0 0 0
 153 0 0 0 1 0 0 0 0 0 0 0 0 0 0 1 0
 154 0 0 0 0 0 1 0 0 0 0 0 0 0 0 0 1
 155 0 0 0 0 0 0 0 0 0 0 0 0 0 0 0 1
 156 0 0 0 1 0 0 0 0 0 0 0 0 0 0 0 0
 157 1 0 0 1 0 0 0 0 0 0 0 0 0 0 0 0
 158 0 1 0 0 0 1 0 0 0 0 0 0 0 0 0 0
 159 0 0 0 0 0 0 0 0 0 0 0 0 0 0 1 0
 160 0 0 0 0 0 0 0 0 1 0 0 0 0 0 1 0
 161 0 0 0 0 0 1 0 0 0 0 0 0 1 0 0 0
 162 0 0 0 0 1 0 0 0 0 1 0 0 0 0 0 0
 163 0 0 0 0 0 0 0 0 0 0 0 0 0 0 1 1
 164 0 0 0 0 0 1 1 0 0 0 0 0 0 0 0 0
 165 0 0 0 0 1 0 1 0 0 0 0 0 0 0 0 0
 166 0 0 0 0 1 0 0 0 0 0 0 0 0 0 0 0
 167 0 0 0 0 0 0 0 0 0 0 0 0 0 1 0 0
 168 0 0 0 0 0 0 0 0 1 0 0 0 1 0 0 0
 169 0 0 1 0 0 0 0 1 0 0 0 0 0 0 0 0
 170 0 0 0 1 0 0 0 1 0 0 0 0 0 0 0 0
 171 1 0 0 0 1 0 0 0 0 0 0 0 0 0 0 0
 172 0 0 0 0 1 0 0 0 0 0 0 0 0 0 0 0
 173 1 0 0 0 0 0 0 0 0 0 0 0 0 0 0 0
 174 0 0 0 0 0 0 0 1 0 0 0 0 0 0 0 0
 175 0 0 0 1 0 0 0 0 0 0 0 0 0 0 0 0
 176 0 0 0 0 0 0 0 1 0 1 0 0 0 0 0 0
 177 0 0 0 0 1 0 0 0 0 0 0 0 1 0 0 0
 178 0 0 1 0 0 0 0 0 0 0 0 0 0 0 0 0
 179 0 0 0 1 0 0 0 0 0 0 0 0 1 0 0 0
 180 0 0 1 0 0 1 0 0 0 0 0 0 0 0 0 0
 181 0 0 0 0 0 0 0 0 0 0 0 0 0 0 1 0
 182 0 0 0 0 0 1 0 0 0 0 0 0 0 1 0 0
 183 0 0 0 0 0 1 1 0 0 0 0 0 0 0 0 0
 184 0 0 0 0 0 0 0 0 0 0 0 0 0 1 0 0
 185 0 0 0 0 0 0 0 1 0 0 0 0 1 0 0 0
 186 0 0 0 0 0 0 0 0 0 0 0 0 0 1 1 0
 187 0 0 0 0 0 1 0 0 0 0 0 0 0 0 0 0
 188 0 0 0 0 1 0 0 0 0 0 0 0 0 0 1 0
 189 0 0 0 0 0 0 0 0 1 0 0 0 0 0 0 0
 190 0 1 0 0 0 0 0 0 0 0 0 0 0 0 0 0
 191 0 0 0 0 0 1 0 0 0 0 0 0 0 0 0 0
 192 0 0 1 0 0 0 0 0 0 0 0 0 0 0 0 0
 193 0 0 0 0 0 0 0 0 0 0 0 0 1 0 0 0
 194 0 0 0 0 0 0 0 1 0 0 0 0 0 1 0 0
 195 0 0 0 0 0 0 0 0 1 0 0 0 0 0 0 0
 196 0 0 0 0 0 0 0 0 0 0 0 0 0 1 0 1
 197 0 0 0 1 0 0 1 0 0 0 0 0 0 0 0 0
 198 0 0 0 1 0 0 1 0 0 0 0 0 0 0 0 0
 199 0 0 0 0 0 0 0 0 0 0 0 1 0 0 0 0
 200 0 0 0 0 0 0 0 0 0 0 0 0 0 1 0 0
 201 0 0 0 0 0 0 0 0 0 0 1 1 0 0 0 0
 202 0 0 0 1 0 0 0 0 0 0 0 1 0 0 0 0
 203 0 0 0 0 0 0 0 0 1 0 0 0 0 0 0 0
 204 0 0 0 0 0 0 0 0 0 0 0 0 0 0 0 1
 205 1 0 0 0 0 1 0 0 0 0 0 0 0 0 0 0
 206 0 0 0 0 1 0 0 0 0 0 0 0 0 0 0 0
 207 0 0 0 0 0 1 0 0 0 0 0 1 0 0 0 0
 208 0 0 0 0 0 0 0 0 1 0 0 0 0 0 0 0
 209 1 0 0 0 0 0 0 0 0 0 0 0 0 0 0 0
 210 0 0 0 0 0 0 0 0 1 0 0 0 0 0 1 0
 211 0 0 0 0 0 0 1 0 0 1 0 0 0 0 0 0
 212 0 0 0 0 0 0 0 0 0 1 0 0 0 0 0 0
 213 1 0 0 0 0 0 0 0 0 0 0 0 0 0 0 0
 214 0 0 0 0 0 0 0 0 0 0 0 1 0 0 0 1
 215 0 0 1 0 0 0 0 0 0 1 0 0 0 0 0 0
 216 0 0 0 0 0 0 0 0 0 0 0 0 0 0 1 0
 217 0 0 0 0 1 0 0 0 0 0 0 0 0 0 0 0
 218 1 0 0 0 1 0 0 0 0 0 0 0 0 0 0 0
 219 0 1 0 0 0 0 0 1 0 0 0 0 0 0 0 0
 220 0 0 0 0 0 0 0 0 0 0 0 0 0 0 0 1
 221 0 0 0 0 0 0 0 0 0 0 0 0 0 0 1 0
 222 1 0 0 0 0 0 0 0 1 0 0 0 0 0 0 0
 223 0 0 0 1 0 0 0 0 0 1 0 0 0 0 0 0
 224 1 0 0 0 0 0 0 0 0 0 0 0 0 0 0 1
 225 0 0 0 0 0 0 0 1 0 0 0 0 1 0 0 0
 226 0 0 0 0 0 0 0 0 0 0 0 0 1 0 1 0
 227 0 1 0 0 0 0 0 0 0 0 0 0 0 0 0 0
 228 0 0 1 0 0 0 0 0 1 0 0 0 0 0 0 0
 229 0 0 1 0 0 0 0 0 1 0 0 0 0 0 0 0
 230 0 1 0 0 0 0 0 0 0 0 0 0 1 0 0 0
 231 0 0 0 1 0 0 0 0 0 0 0 0 0 0 0 0
 232 0 1 0 0 0 0 0 0 1 0 0 0 0 0 0 0
 233 0 0 1 0 0 0 0 0 0 0 0 0 0 0 1 0
 234 0 0 0 0 0 0 0 1 0 0 0 1 0 0 0 0
 235 0 0 0 0 0 0 1 0 0 0 0 0 0 0 0 0
 236 0 0 0 0 0 0 0 0 0 1 0 0 0 1 0 0
 237 0 0 0 0 0 0 0 0 1 0 1 0 0 0 0 0
 238 0 0 0 1 0 0 0 0 0 0 0 0 0 0 1 0
 239 0 1 0 0 0 0 0 0 0 0 0 0 0 0 0 0
 240 1 0 0 0 0 0 0 0 0 0 0 0 0 1 0 0
 241 0 0 0 0 0 0 0 0 0 0 0 0 0 1 0 0
 242 0 0 0 0 0 0 0 0 1 0 0 0 0 0 0 0
 243 0 0 0 0 0 0 0 0 0 0 0 1 0 0 1 0
 244 0 0 0 0 0 0 0 0 0 0 0 0 0 1 0 0
 245 0 1 0 0 0 0 0 0 1 0 0 0 0 0 0 0
 246 0 0 0 0 0 0 0 1 0 1 0 0 0 0 0 0
 247 0 0 0 0 0 0 0 0 0 1 1 0 0 0 0 0
 248 0 0 0 0 0 0 0 1 0 0 0 0 0 0 0 0
 249 0 0 0 0 1 0 0 0 0 0 0 0 0 0 1 0
 250 0 0 0 0 0 1 0 0 0 0 0 0 0 0 0 0
 251 0 0 0 0 0 0 0 0 0 1 0 0 0 0 0 0
 252 0 0 0 0 0 0 0 0 1 0 0 0 0 0 0 0
 253 0 1 0 0 0 0 0 0 0 0 0 1 0 0 0 0
 254 0 0 0 0 0 1 0 0 1 0 0 0 0 0 0 0
 255 0 0 0 0 1 0 0 0 0 0 0 0 0 0 0 0
 256 1 1 0 0 0 0 0 0 0 0 0 0 0 0 0 0
 257 0 0 0 0 0 0 0 0 0 1 0 0 0 0 0 0
 258 0 1 0 0 0 0 0 0 0 0 0 0 0 0 1 0
 259 0 1 0 0 0 0 1 0 0 0 0 0 0 0 0 0
 260 0 0 0 0 0 0 0 0 0 1 0 0 0 0 0 0
 261 0 0 0 0 0 0 0 0 0 1 0 0 0 0 0 0
 262 0 0 0 0 0 1 0 0 0 0 0 0 0 0 1 0
 263 0 0 0 0 0 1 0 0 0 0 0 0 0 0 0 0
 264 0 0 0 0 0 0 0 0 1 0 0 0 0 0 0 0
 265 0 0 0 0 0 0 0 0 1 0 0 0 0 0 0 0
 266 0 0 0 0 0 0 0 0 0 0 0 0 0 1 0 0
 267 0 0 0 0 1 0 0 0 0 0 0 0 0 0 0 0
 268 0 0 0 0 1 0 0 0 0 0 0 0 0 0 1 0
 269 0 0 0 0 0 0 0 0 0 0 0 1 0 0 0 1
 270 0 0 1 0 0 0 0 0 0 0 0 0 1 0 0 0
 271 0 0 0 0 0 0 0 0 0 0 0 0 0 1 0 1
 272 0 0 1 0 0 0 0 0 0 0 0 0 0 0 0 0
 273 0 0 0 0 1 0 0 0 0 0 0 0 0 0 0 0
 274 0 0 0 0 0 0 0 0 0 0 0 0 0 1 0 0
 275 0 0 0 0 0 0 1 0 0 0 0 0 0 0 0 0
 276 0 0 0 0 1 0 0 0 0 0 0 0 0 0 0 0
 277 0 0 0 0 0 0 0 0 0 0 0 0 0 0 0 1
 278 0 1 0 1 0 0 0 0 0 0 0 0 0 0 0 0
 279 0 0 0 0 0 0 0 0 1 0 0 0 0 0 0 0
 280 0 0 0 0 0 0 0 0 0 0 1 1 0 0 0 0
 281 0 0 0 0 0 0 0 0 0 0 0 0 0 0 1 0
 282 1 0 0 0 0 0 0 0 0 0 0 0 0 0 0 0
 283 0 1 0 0 0 0 0 0 0 0 0 0 0 0 0 0
 284 0 0 0 0 0 0 0 0 0 0 1 0 0 0 0 0
 285 0 0 0 0 1 0 0 0 0 0 0 0 0 0 0 0
 286 0 0 0 0 0 0 1 0 0 0 0 0 0 0 0 0
 287 1 0 0 0 0 0 0 0 0 0 0 1 0 0 0 0
 288 0 1 0 0 0 0 0 0 0 1 0 0 0 0 0 0
 289 0 0 0 0 0 0 0 0 0 0 0 0 0 0 1 0
 290 0 0 0 0 0 1 0 0 0 0 0 0 0 1 0 0
 291 0 0 0 0 0 0 0 0 0 0 0 0 1 0 0 0
 292 0 0 0 0 0 0 0 1 0 0 0 0 0 0 0 0
 293 0 0 0 0 0 0 0 0 0 0 0 1 1 0 0 0
 294 0 0 1 0 1 0 0 0 0 0 0 0 0 0 0 0
 295 0 1 0 0 0 0 0 0 0 0 0 0 0 0 0 0
 296 0 0 0 0 0 0 0 0 1 0 0 0 0 0 0 0
 297 0 0 1 0 0 0 0 0 0 0 0 0 0 0 0 0
 298 0 0 0 0 0 0 0 1 0 0 0 0 0 0 0 0
 299 0 0 0 1 1 0 0 0 0 0 0 0 0 0 0 0
 300 1 0 0 0 0 1 0 0 0 0 0 0 0 0 0 0
 301 0 0 0 0 0 0 0 0 0 0 0 0 0 0 1 0
 302 0 0 0 0 0 0 0 0 0 0 1 0 0 0 0 1
 303 0 0 0 1 0 0 0 0 0 0 0 0 0 0 0 0
 304 0 0 0 0 0 0 0 0 0 0 0 1 0 0 0 1
 305 0 0 0 1 0 0 0 0 0 0 0 0 0 0 0 0
 306 0 0 0 1 0 0 0 0 0 0 0 0 0 0 0 0
 307 0 0 0 0 0 1 0 0 0 0 0 1 0 0 0 0
 308 0 0 0 0 0 0 0 0 1 1 0 0 0 0 0 0
 309 1 0 0 0 0 0 0 0 0 0 0 0 0 0 0 0
 310 0 0 0 0 0 0 0 1 0 1 0 0 0 0 0 0
 311 1 0 0 0 1 0 0 0 0 0 0 0 0 0 0 0
 312 0 0 0 0 0 0 0 0 0 0 0 0 0 1 0 1
 313 0 0 0 0 0 0 0 0 0 0 0 0 0 1 0 0
 314 0 0 0 0 0 0 0 0 0 0 0 0 0 0 1 0
 315 0 0 0 0 1 0 0 0 0 0 0 0 1 0 0 0
 316 0 0 0 0 0 0 0 0 0 0 0 1 0 0 0 0
 317 0 0 0 0 0 0 0 0 0 0 1 1 0 0 0 0
 318 0 0 0 0 0 0 0 0 0 0 0 0 0 0 1 0
 319 0 0 0 0 0 1 0 0 0 0 0 0 1 0 0 0
 320 0 0 0 0 0 0 0 0 0 1 0 0 0 0 0 0
 321 0 0 0 0 0 0 0 0 0 1 0 0 0 0 0 0
 322 0 0 0 0 0 0 0 0 0 0 1 0 0 0 0 0
 323 0 0 0 0 0 0 0 1 0 0 0 0 0 1 0 0
 324 0 0 0 0 0 0 1 0 0 0 0 0 0 0 0 0
 325 0 0 1 0 0 0 1 0 0 0 0 0 0 0 0 0
 326 0 0 0 1 0 0 0 0 0 0 0 0 0 0 0 1
 327 0 1 0 0 0 0 0 0 0 0 0 1 0 0 0 0
 328 0 0 0 0 0 0 0 0 0 0 0 1 0 0 0 0
 329 0 0 0 0 0 0 0 0 0 0 0 0 0 0 0 1
 330 0 0 1 0 0 0 0 0 1 0 0 0 0 0 0 0
 331 0 0 0 0 0 0 0 0 0 0 0 0 0 0 1 0
 332 0 0 0 0 0 0 0 0 0 0 1 0 0 0 0 0
 333 0 0 0 0 1 0 0 0 0 0 0 0 0 0 0 0
 334 1 1 0 0 0 0 0 0 0 0 0 0 0 0 0 0
 335 0 0 0 0 0 1 0 0 0 0 0 0 0 0 0 0
 336 0 0 0 0 0 0 0 0 0 1 0 0 1 0 0 0
 337 0 0 0 0 0 0 0 0 1 0 0 1 0 0 0 0
 338 0 0 0 0 1 0 0 0 0 0 0 0 0 1 0 0
 339 0 1 0 0 0 0 0 0 0 0 0 0 0 0 0 0
 340 0 1 0 0 0 0 0 0 0 0 0 0 0 0 1 0
 341 0 0 0 0 0 1 0 0 0 0 0 0 0 0 0 0
 342 0 0 0 1 0 0 0 0 0 0 0 0 0 0 0 1
 343 0 0 0 0 0 0 0 0 1 0 0 0 1 0 0 0
 344 0 0 0 0 0 0 0 0 1 0 0 0 0 0 0 1
 345 0 0 1 0 0 0 1 0 0 0 0 0 0 0 0 0
 346 0 0 0 0 0 0 0 1 0 0 0 0 0 1 0 0
 347 1 0 1 0 0 0 0 0 0 0 0 0 0 0 0 0
 348 0 0 0 0 0 0 0 1 0 0 0 0 0 0 0 1
 349 0 0 0 0 0 0 0 0 0 0 0 0 0 1 0 0
 350 0 0 0 1 0 0 0 0 0 0 0 0 0 0 0 0
 351 0 0 0 0 0 0 0 0 0 0 0 1 0 0 0 0
 352 0 1 0 0 0 0 0 0 0 0 0 1 0 0 0 0
 353 0 0 1 0 0 0 0 0 0 0 0 1 0 0 0 0
 354 0 0 0 0 1 0 0 0 0 0 0 0 0 0 0 0
 355 0 0 0 0 0 1 0 0 0 0 0 0 0 1 0 0
 356 0 0 0 0 0 0 0 0 1 0 0 0 0 0 0 0
 357 0 0 0 0 0 1 0 0 0 0 0 0 0 1 0 0
 358 0 0 0 0 0 1 0 0 0 0 0 0 0 0 0 0
 359 0 0 0 0 0 0 0 0 0 1 0 0 0 0 0 0
 360 1 0 0 0 0 0 0 0 0 0 0 0 0 0 0 0
 361 0 1 0 0 0 0 0 0 0 0 0 0 0 0 0 1
 362 0 0 0 0 0 0 1 0 0 0 0 0 0 1 0 0
 363 0 0 0 0 1 0 0 0 0 0 0 0 0 0 0 0
 364 0 0 1 0 0 0 0 0 0 0 0 0 0 0 0 0
 365 0 0 0 0 0 0 0 0 0 0 1 0 0 0 0 0
 366 0 0 0 0 0 0 0 0 0 0 0 0 1 0 0 0
 367 0 0 0 0 0 0 1 0 0 0 0 0 0 1 0 0
 368 0 0 0 0 0 0 0 0 0 0 0 1 0 0 0 0
 369 0 0 0 0 0 0 0 1 0 0 0 0 0 0 0 0
 370 0 1 0 0 0 0 0 0 0 0 0 0 0 0 0 0
 371 0 0 0 0 0 0 0 1 0 1 0 0 0 0 0 0
 372 1 0 0 0 0 0 0 0 0 0 0 0 0 0 0 0
 373 0 0 0 0 0 0 0 0 0 0 1 0 0 0 0 0
 374 0 0 0 0 1 0 0 0 0 1 0 0 0 0 0 0
 375 0 0 0 0 0 0 0 0 0 1 0 0 0 0 0 1
 376 1 0 0 0 0 0 0 0 0 0 0 0 0 0 0 0
 377 0 1 0 0 0 0 0 0 0 0 0 0 0 0 0 0
 378 0 1 0 0 0 1 0 0 0 0 0 0 0 0 0 0
 379 0 0 0 0 0 1 0 0 1 0 0 0 0 0 0 0
 380 0 0 0 0 0 0 0 0 1 1 0 0 0 0 0 0
 381 0 0 0 0 0 0 0 0 0 0 0 0 0 1 0 0
 382 0 0 0 0 0 0 0 0 0 0 1 0 0 0 0 0
 383 0 0 0 0 0 1 0 0 0 0 0 0 0 0 0 1
 384 0 0 0 0 0 0 0 0 0 0 0 0 0 1 0 0
 385 0 0 0 0 0 0 0 0 0 0 0 0 0 1 0 0
 386 0 0 0 0 0 0 1 0 0 0 0 1 0 0 0 0
 387 0 0 0 0 0 0 0 1 0 0 0 0 0 0 0 0
 388 0 0 0 0 0 0 0 0 1 0 0 1 0 0 0 0
 389 0 0 0 0 0 1 0 1 0 0 0 0 0 0 0 0
 390 0 0 0 0 0 0 0 0 0 0 0 0 0 0 0 1
 391 0 0 0 0 0 0 1 0 1 0 0 0 0 0 0 0
 392 0 0 0 0 0 0 0 0 1 0 1 0 0 0 0 0
 393 0 0 1 0 0 0 0 0 0 0 0 0 0 0 0 0
 394 0 0 0 0 0 0 0 0 0 0 0 0 0 0 1 0
 395 0 0 0 0 1 0 0 0 0 0 0 0 0 0 0 1
 396 0 0 0 1 0 0 0 0 0 0 0 0 0 0 0 0
 397 1 0 0 0 0 0 0 0 0 0 0 0 1 0 0 0
 398 1 0 0 0 0 0 0 0 0 0 0 0 0 0 0 0
 399 0 0 0 0 0 0 0 0 1 0 0 0 0 0 0 0
 400 0 0 0 0 0 0 0 0 0 0 0 1 0 0 0 0
 401 0 0 0 0 0 1 0 0 0 0 0 1 0 0 0 0
 402 0 0 0 0 0 0 0 0 0 1 0 0 1 0 0 0
 403 0 0 0 0 0 0 1 0 0 0 0 0 1 0 0 0
 404 0 0 0 0 0 1 0 0 0 1 0 0 0 0 0 0
 405 0 0 0 0 1 0 0 1 0 0 0 0 0 0 0 0
 406 0 0 0 0 1 1 0 0 0 0 0 0 0 0 0 0
 407 0 0 0 0 0 0 0 0 0 0 0 1 0 0 0 0
 408 0 0 1 0 0 0 0 0 1 0 0 0 0 0 0 0
 409 0 0 0 0 0 0 0 0 1 0 0 0 0 0 0 0
 410 0 0 0 0 0 0 0 0 0 0 0 1 0 0 0 0
 411 0 0 0 0 0 0 0 1 0 0 0 0 1 0 0 0
 412 0 1 0 0 0 0 0 0 0 0 0 0 0 0 0 1
 413 0 0 0 1 0 1 0 0 0 0 0 0 0 0 0 0
 414 0 0 0 0 0 0 0 1 0 0 1 0 0 0 0 0
 415 0 0 0 0 0 0 0 0 0 0 0 0 1 0 0 0
 416 1 0 0 0 0 0 0 0 0 0 0 0 1 0 0 0
 417 0 0 0 0 0 0 0 0 1 0 0 0 0 0 0 0
 418 0 0 0 0 0 0 0 0 0 0 0 1 0 0 0 0
 419 0 0 0 0 0 0 0 0 0 0 0 1 0 0 0 1
 420 0 0 0 0 0 0 0 0 0 0 0 0 1 0 0 0
 421 0 1 0 1 0 0 0 0 0 0 0 0 0 0 0 0
 422 0 0 0 0 0 0 0 0 0 0 1 0 0 0 0 0
 423 0 0 0 0 0 1 0 0 0 0 0 0 0 0 0 0
 424 0 0 0 0 1 0 0 0 1 0 0 0 0 0 0 0
 425 0 0 0 0 0 0 0 0 0 0 0 1 0 0 0 0
 426 0 0 0 0 0 0 1 0 0 0 0 0 0 0 0 1
 427 0 0 0 1 0 0 0 0 0 0 0 0 0 0 0 0
 428 0 0 0 0 0 0 0 0 0 0 0 1 0 0 0 0
 429 0 0 0 0 0 0 0 0 0 0 1 1 0 0 0 0
 430 0 0 0 1 0 0 0 0 0 0 0 0 0 1 0 0
 431 0 1 0 1 0 0 0 0 0 0 0 0 0 0 0 0
 432 0 0 0 0 0 0 0 0 0 0 0 0 0 0 1 0
 433 0 1 0 0 0 0 0 0 0 0 0 0 0 0 0 0
 434 0 0 0 0 0 1 0 0 0 0 0 0 0 0 0 1
 435 0 0 0 0 1 0 0 0 0 0 0 0 0 0 0 0
 436 0 0 0 1 0 0 0 0 0 0 0 0 0 0 0 0
 437 0 0 0 0 0 0 1 0 0 0 0 0 0 0 0 0
 438 0 0 0 0 0 0 0 0 0 0 1 1 0 0 0 0
 439 0 0 0 0 0 0 0 0 0 0 0 0 1 0 0 0
 440 0 0 0 0 0 0 0 0 0 0 0 0 0 1 0 0
 441 0 0 0 0 0 1 0 0 0 1 0 0 0 0 0 0
 442 0 0 0 1 0 0 0 0 0 0 1 0 0 0 0 0
 443 0 1 0 1 0 0 0 0 0 0 0 0 0 0 0 0
 444 0 0 0 0 0 0 0 0 1 0 0 0 0 1 0 0
 445 0 0 0 0 0 0 0 0 1 0 0 0 0 0 0 0
 446 0 0 0 0 0 1 0 0 0 0 0 0 0 0 0 0
 447 0 0 0 0 0 1 0 0 0 1 0 0 0 0 0 0
 448 0 1 0 0 0 0 0 0 0 0 0 0 0 0 0 0
 449 0 0 0 0 1 0 1 0 0 0 0 0 0 0 0 0
 450 0 0 0 1 0 0 0 0 0 0 0 0 0 0 0 0
 451 0 0 0 0 0 0 0 0 0 1 0 0 0 0 0 0
 452 0 0 0 0 1 0 0 0 0 0 0 0 0 0 0 0
 453 0 0 0 1 1 0 0 0 0 0 0 0 0 0 0 0
 454 0 0 0 0 0 0 0 0 0 0 0 0 0 1 0 0
 455 0 0 0 0 0 0 0 0 0 0 0 0 0 0 1 0
 456 0 0 1 0 0 0 0 0 0 0 0 0 0 0 0 0
 457 0 0 0 0 0 0 0 0 0 0 0 0 1 1 0 0
 458 0 0 0 0 0 0 0 0 0 0 1 0 0 0 0 0
 459 0 0 0 0 1 1 0 0 0 0 0 0 0 0 0 0
 460 0 0 0 0 0 0 0 0 0 1 0 0 0 0 0 1
 461 0 0 0 0 0 0 0 0 0 1 0 0 0 1 0 0
 462 1 0 0 0 0 0 0 0 0 1 0 0 0 0 0 0
 463 0 0 0 0 1 0 0 0 0 0 0 0 1 0 0 0
 464 0 0 1 0 0 0 0 0 0 0 0 0 0 0 0 0
 465 0 0 0 0 0 1 0 1 0 0 0 0 0 0 0 0
 466 0 0 0 0 0 0 0 0 1 0 0 0 0 0 0 0
 467 0 0 0 0 0 0 0 1 0 0 0 0 0 0 0 0
 468 1 0 0 0 0 0 0 0 0 0 1 0 0 0 0 0
 469 1 0 0 0 0 0 0 1 0 0 0 0 0 0 0 0
 470 0 0 0 0 0 1 0 0 0 0 0 0 0 0 1 0
 471 0 0 0 0 0 0 0 0 0 0 0 0 0 1 0 0
 472 0 0 0 0 1 1 0 0 0 0 0 0 0 0 0 0
 473 0 0 1 0 1 0 0 0 0 0 0 0 0 0 0 0
 474 0 0 0 0 0 1 0 0 0 0 1 0 0 0 0 0
 475 0 1 1 0 0 0 0 0 0 0 0 0 0 0 0 0
 476 0 0 0 0 0 0 0 0 0 0 0 0 0 1 0 0
 477 0 0 0 0 0 0 1 0 0 1 0 0 0 0 0 0
 478 0 0 0 0 0 0 0 0 0 1 0 0 0 0 0 0
 479 0 0 0 0 1 0 0 0 0 0 0 0 0 0 0 0
 480 0 0 0 0 0 0 0 0 0 0 0 1 0 0 0 0
 481 0 0 0 0 0 0 0 0 0 0 0 0 0 0 1 0
 482 0 0 0 0 0 0 1 0 0 0 0 0 0 0 0 0
 483 0 0 0 0 0 0 0 0 0 1 0 0 0 0 0 0
 484 0 0 0 0 0 0 0 0 0 0 0 0 0 0 1 0
 485 0 0 0 0 0 0 0 0 0 0 0 0 1 0 1 0
 486 0 0 0 1 0 0 0 0 0 1 0 0 0 0 0 0
 487 0 0 1 0 0 0 0 0 0 0 0 0 0 0 0 0
 488 0 0 0 0 1 0 0 1 0 0 0 0 0 0 0 0
 489 0 0 0 1 0 0 0 0 0 1 0 0 0 0 0 0
 490 0 0 0 0 0 0 0 0 1 0 0 0 0 0 0 0
 491 0 0 0 0 0 0 0 0 0 0 0 0 0 0 0 1
 492 1 0 0 0 0 0 0 0 0 0 0 0 0 0 0 0
 493 0 0 0 0 0 0 0 0 0 0 0 0 0 1 1 0
 494 0 1 0 0 0 0 0 0 0 0 0 0 0 0 0 0
 495 0 0 0 0 0 0 0 0 1 0 0 0 0 0 0 0
 496 0 0 0 0 0 1 0 0 0 0 0 0 0 0 0 0
 497 0 0 1 0 0 0 0 0 0 0 0 0 0 0 0 0
 498 0 0 0 0 0 0 0 0 1 0 0 0 0 0 1 0
 499 0 1 0 0 0 0 0 0 0 0 1 0 0 0 0 0
 500 0 0 0 1 0 0 0 0 0 0 0 0 0 0 1 0
 501 0 0 0 0 0 0 1 0 0 0 0 0 0 0 0 0
 502 0 0 0 1 0 1 0 0 0 0 0 0 0 0 0 0
 503 0 0 0 0 0 0 0 0 0 0 0 0 0 1 1 0
 504 0 0 0 0 0 0 0 1 0 0 0 0 0 0 1 0
 505 0 0 0 0 0 0 1 0 0 0 0 0 0 0 0 0
 506 0 0 0 0 1 0 0 0 0 0 0 0 0 0 0 0
 507 0 0 0 0 0 0 0 0 1 0 0 0 0 0 0 0
 508 0 0 0 0 0 0 0 0 0 0 0 0 0 1 0 0
 509 0 0 0 0 0 0 0 0 1 0 0 0 0 0 0 0
 510 0 0 0 0 0 0 0 0 0 0 0 1 0 0 0 0
 511 0 0 0 0 0 0 0 0 0 0 1 0 0 0 0 0
 512 1 0 0 0 0 0 0 0 0 0 0 0 0 1 0 0
 513 0 0 0 0 0 0 0 0 0 0 0 0 1 0 1 0
 514 1 0 0 0 0 0 0 1 0 0 0 0 0 0 0 0
 515 0 1 0 0 0 0 0 0 0 0 1 0 0 0 0 0
 516 0 1 0 0 0 1 0 0 0 0 0 0 0 0 0 0
 517 0 0 0 0 0 0 0 0 0 1 0 0 0 0 0 0
 518 0 0 0 0 0 0 1 0 0 0 0 0 0 0 0 0
 519 0 0 0 0 1 0 0 0 0 0 0 0 0 0 0 0
 520 0 1 0 0 0 1 0 0 0 0 0 0 0 0 0 0
 521 0 0 0 0 1 0 0 0 0 0 0 0 0 0 0 0
 522 0 0 0 0 0 0 1 0 0 0 0 0 0 0 0 0
 523 0 0 0 0 0 0 0 0 0 0 0 0 1 0 0 0
 524 0 0 1 0 0 0 0 1 0 0 0 0 0 0 0 0
 525 1 0 0 0 0 0 0 0 0 0 0 0 0 0 0 0
 526 0 0 0 0 0 0 0 1 0 0 0 0 0 0 0 1
 527 0 1 0 0 0 0 0 0 0 0 0 0 0 0 0 1
 528 0 0 0 0 0 0 0 0 0 0 1 0 1 0 0 0
 529 0 0 1 0 0 0 0 0 0 1 0 0 0 0 0 0
 530 0 0 0 0 0 0 0 0 1 0 0 1 0 0 0 0
 531 1 0 0 0 0 0 0 0 0 0 0 0 0 0 0 0
 532 0 0 0 0 0 0 0 0 0 0 0 0 0 1 0 0
 533 0 0 0 0 0 0 0 0 1 1 0 0 0 0 0 0
 534 0 1 0 0 0 0 0 0 0 0 0 1 0 0 0 0
 535 0 0 0 0 0 0 0 0 0 0 1 0 0 0 0 0
 536 0 0 0 0 1 0 0 0 0 0 1 0 0 0 0 0
 537 0 0 0 0 0 0 0 0 0 0 1 0 0 0 0 0
 538 0 1 0 0 0 0 1 0 0 0 0 0 0 0 0 0
 539 0 0 0 0 0 1 0 0 0 0 0 0 0 0 0 0
 540 0 0 0 0 0 0 0 0 1 0 1 0 0 0 0 0
 541 0 0 0 1 0 0 0 0 0 0 0 0 0 0 0 0
 542 1 0 0 0 0 0 0 0 0 0 0 0 0 0 0 0
 543 1 0 0 0 0 0 0 0 0 0 0 0 0 0 0 0
 544 0 0 0 0 0 0 0 0 0 0 0 0 0 1 0 0
 545 0 0 1 0 0 0 0 0 1 0 0 0 0 0 0 0
 546 0 1 0 0 1 0 0 0 0 0 0 0 0 0 0 0
 547 0 0 1 0 0 0 0 0 0 1 0 0 0 0 0 0
 548 0 0 0 1 0 0 0 0 0 0 0 0 0 0 1 0
 549 0 1 0 0 0 0 0 0 0 0 0 0 0 0 0 0
 550 0 0 0 0 0 0 0 0 0 0 0 1 0 1 0 0
 551 0 0 0 1 0 0 0 0 0 0 0 0 0 0 0 0
 552 0 0 1 0 0 0 0 0 0 0 0 0 0 0 0 0
 553 0 0 1 0 0 0 1 0 0 0 0 0 0 0 0 0
 554 0 0 1 1 0 0 0 0 0 0 0 0 0 0 0 0
 555 0 0 0 0 0 0 0 1 0 0 0 0 0 0 0 0
 556 0 0 0 0 0 0 0 0 1 0 0 0 0 0 0 0
 557 0 1 0 0 0 0 0 0 0 0 0 0 0 0 0 0
 558 0 0 0 0 0 0 0 0 1 0 0 0 0 0 0 0
 559 0 0 0 0 1 0 0 0 0 0 0 0 0 0 0 0
 560 0 1 0 1 0 0 0 0 0 0 0 0 0 0 0 0
 561 0 0 0 0 0 1 0 0 0 0 0 0 0 0 0 0
 562 0 0 1 0 0 0 0 0 0 0 0 0 0 0 0 0
 563 0 0 0 0 0 0 0 0 0 0 0 0 0 0 0 1
 564 0 1 0 0 0 0 0 0 0 0 0 0 0 0 0 1
 565 0 0 0 0 0 1 0 0 0 0 0 0 0 0 0 0
 566 0 1 0 0 0 0 0 0 0 0 0 0 0 0 0 0
 567 0 0 0 0 0 0 0 0 0 1 0 1 0 0 0 0
 568 0 1 0 0 0 0 0 0 0 0 0 0 0 0 0 0
 569 0 0 0 1 0 0 0 0 0 0 0 0 0 0 0 1
 570 0 0 1 0 0 0 0 0 0 0 0 0 0 0 0 0
 571 0 0 0 0 0 0 0 0 1 1 0 0 0 0 0 0
 572 0 0 0 0 0 0 0 0 0 0 0 0 0 1 0 0
 573 0 0 0 0 0 0 0 0 0 0 1 0 0 0 0 0
 574 0 0 0 0 1 0 0 0 0 0 0 0 0 0 0 0
 575 1 0 1 0 0 0 0 0 0 0 0 0 0 0 0 0
 576 0 0 0 0 0 0 0 0 0 0 0 0 1 0 0 0
 577 0 0 1 0 0 0 0 0 0 0 0 0 0 0 0 0
 578 0 0 0 0 0 1 0 0 0 0 0 0 0 0 0 0
 579 0 1 0 0 0 0 0 0 0 0 0 0 0 0 1 0
 580 0 0 0 0 0 0 0 0 0 0 0 0 0 0 1 0
 581 0 0 0 0 0 0 0 0 0 0 0 1 0 0 0 0
 582 0 0 1 0 0 0 0 0 0 0 0 1 0 0 0 0
 583 0 0 0 0 0 0 0 0 1 0 0 1 0 0 0 0
 584 1 0 0 0 0 0 0 0 0 0 0 0 1 0 0 0
 585 0 0 0 0 0 0 0 0 0 0 1 0 0 0 0 0
 586 0 0 0 0 0 0 0 0 1 0 1 0 0 0 0 0
 587 0 0 0 0 0 1 0 0 0 0 0 0 1 0 0 0
 588 0 0 0 1 0 0 0 1 0 0 0 0 0 0 0 0
 589 0 0 0 0 0 0 0 0 0 0 0 0 0 1 1 0
 590 0 0 0 0 1 0 0 0 0 0 0 1 0 0 0 0
 591 0 0 0 0 0 0 0 0 0 0 0 1 0 0 0 0
 592 0 0 0 0 0 0 0 0 0 0 0 0 0 0 1 1
 593 0 0 0 0 0 0 0 0 1 0 0 0 1 0 0 0
 594 0 0 0 0 0 0 0 0 0 0 0 0 0 0 0 1
 595 0 0 0 0 0 0 0 0 0 0 0 0 0 0 0 1
 596 0 0 0 0 0 1 0 0 0 0 0 0 0 0 0 0
 597 1 0 0 0 0 0 0 0 1 0 0 0 0 0 0 0
 598 0 0 0 0 0 0 0 0 1 0 0 1 0 0 0 0
 599 0 0 1 0 0 0 0 0 0 0 0 0 1 0 0 0
 600 0 0 0 0 0 0 0 0 0 1 0 0 1 0 0 0
;

set P_TAT :=
  (1,202) (1,222) (1,316) (2,254) (2,275) (2,303) (3,128) (3,266) (3,358) (4,239) (4,489) (4,544) (4,571) (5,13) (5,22) (5,101) (5,231) (6,145) (6,153) (6,458) (6,582) (7,65) (7,90) (7,179) (7,193) (7,597) (8,306) (8,348) (8,377) (9,226) (9,334) (9,395) (10,192) (10,360) (10,421) (11,101) (11,182) (11,496) (11,591) (12,94) (12,319) (12,399) (12,557) (13,127) (13,407) (13,522) (14,144) (14,234) (14,409) (14,442) (14,546) (15,35) (15,215) (15,267) (15,463) (15,588) (16,121) (17,99) (17,208) (17,399) (17,436) (17,478) (18,26) (18,271) (18,535) (18,554) (19,218) (19,371) (19,573) (20,34) (20,401) (21,82) (21,266) (22,313) (22,477) (22,541) (23,373) (23,530) (24,48) (24,93) (24,210) (24,243) (24,304) (24,533) (25,488) (26,36) (27,149) (28,56) (28,529) (29,116) (30,231) (30,320) (30,324) (30,356) (30,507) (30,584) (31,38) (31,352) (32,169) (32,464) (33,250) (33,327) (33,469) (33,504) (33,554) (33,573) (34,86) (34,335) (34,346) (35,423) (36,235) (36,368) (36,370) (36,399) (36,417) (37,259) (38,44) (38,68) (38,102) (38,216) (38,444) (38,468) (38,554) (38,595) (39,42) (39,392) (40,87) (40,129) (40,330) (40,540) (40,572) (41,82) (41,143) (41,186) (41,213) (41,523) (42,106) (42,218) (42,383) (42,384) (43,319) (43,434) (43,534) (44,139) (44,376) (45,431) (45,471) (46,457) (46,470) (47,163) (47,343) (47,345) (47,369) (47,399) (47,478) (47,535) (47,587) (48,51) (48,216) (48,465) (49,50) (49,128) (49,146) (49,297) (49,308) (49,379) (50,114) (50,142) (50,158) (50,317) (50,374) (50,471) (51,246) (51,470) (51,565) (52,125) (52,158) (52,178) (52,240) (52,519) (52,527) (52,549) (52,573) (53,77) (53,201) (53,210) (53,316) (54,225) (54,393) (54,582) (55,86) (55,97) (55,327) (55,451) (56,63) (56,245) (56,308) (56,496) (57,80) (57,350) (57,362) (57,370) (57,414) (57,439) (58,464) (58,498) (59,188) (59,272) (59,366) (59,376) (60,285) (60,456) (61,390) (61,413) (61,509) (61,536) (62,114) (62,194) (62,243) (63,125) (63,126) (63,348) (64,100) (65,265) (65,501) (65,512) (65,539) (66,313) (66,468) (66,530) (67,77) (67,147) (67,272) (67,369) (67,460) (68,179) (68,326) (68,332) (68,498) (69,231) (70,316) (70,340) (70,446) (71,155) (71,197) (71,217) (71,394) (71,439) (72,118) (72,378) (72,405) (72,534) (74,82) (74,157) (74,367) (74,385) (75,193) (75,356) (76,426) (77,226) (77,326) (77,394) (77,400) (77,494) (77,567) (78,84) (79,109) (79,320) (79,532) (80,415) (80,572) (81,124) (81,391) (81,401) (82,518) (83,408) (83,413) (83,443) (83,470) (84,453) (85,358) (86,126) (86,183) (86,231) (86,508) (87,120) (87,158) (87,302) (87,339) (87,440) (88,137) (88,177) (88,304) (88,454) (89,333) (89,389) (90,183) (90,205) (90,389) (91,107) (91,559) (92,319) (93,115) (93,341) (93,381) (94,532) (94,533) (94,600) (95,290) (96,159) (96,426) (97,359) (98,187) (98,467) (99,112) (99,135) (99,142) (99,245) (99,558) (99,574) (100,334) (101,398) (101,598) (102,343) (102,369) (102,527) (102,540) (103,326) (103,343) (103,407) (103,435) (103,593) (104,569) (105,218) (105,260) (105,268) (105,441) (105,544) (106,291) (107,366) (107,370) (107,374) (107,453) (107,570) (108,473) (109,195) (109,213) (109,595) (110,299) (110,324) (111,210) (111,339) (111,590) (112,433) (113,222) (114,134) (114,172) (114,221) (114,280) (114,337) (115,281) (115,384) (115,394) (115,402) (118,194) (118,195) (118,408) (119,212) (119,247) (119,290) (119,583) (120,364) (120,377) (120,396) (120,499) (121,137) (122,128) (122,307) (122,594) (123,181) (124,369) (125,327) (125,456) (125,479) (126,185) (126,561) (127,170) (127,190) (127,214) (127,368) (127,396) (128,217) (128,242) (128,254) (128,269) (128,332) (128,416) (129,180) (129,287) (129,457) (130,184) (130,564) (131,227) (131,329) (131,542) (132,177) (132,337) (132,542) (132,585) (133,250) (133,256) (133,348) (134,335) (135,162) (135,214) (135,573) (136,328) (136,329) (136,446) (137,303) (137,533) (139,533) (140,404) (141,310) (141,508) (141,557) (142,170) (142,486) (143,206) (143,222) (143,525) (144,160) (144,337) (144,392) (144,531) (144,581) (145,221) (145,259) (145,379) (145,560) (145,580) (145,582) (146,177) (146,239) (146,471) (147,278) (147,444) (148,173) (148,237) (148,471) (148,518) (149,235) (149,308) (149,364) (149,508) (150,364) (150,399) (150,441) (150,468) (150,578) (151,185) (152,283) (152,403) (152,453) (152,511) (152,518) (152,524) (153,177) (153,580) (154,324) (154,519) (155,157) (155,230) (155,304) (156,210) (157,421) (157,516) (158,216) (158,554) (158,557) (159,537) (160,261) (160,516) (161,528) (161,554) (162,410) (162,437) (162,462) (163,596) (164,273) (164,341) (164,343) (164,551) (164,554) (166,336) (166,452) (167,344) (168,285) (168,578) (169,228) (169,301) (169,531) (170,197) (170,253) (170,382) (170,504) (170,509) (170,591) (171,192) (171,496) (172,234) (172,441) (172,460) (172,464) (173,230) (173,233) (173,375) (173,539) (173,586) (174,378) (174,403) (174,443) (174,581) (175,179) (175,248) (175,378) (175,414) (176,323) (176,432) (176,559) (177,180) (177,339) (177,465) (177,554) (178,193) (178,522) (179,216) (179,369) (180,182) (180,184) (180,541) (180,581) (181,212) (181,268) (182,443) (183,408) (184,489) (184,511) (184,575) (185,230) (185,395) (185,497) (185,584) (186,543) (187,327) (187,526) (187,582) (188,363) (188,381) (188,501) (189,342) (189,499) (190,336) (191,220) (191,288) (191,449) (191,477) (191,587) (192,268) (192,392) (193,427) (193,471) (193,533) (194,384) (194,410) (194,578) (195,291) (195,359) (195,401) (195,484) (195,517) (196,354) (197,341) (197,440) (197,449) (197,514) (197,569) (198,232) (198,342) (198,538) (198,555) (199,291) (200,363) (200,456) (200,487) (200,553) (200,579) (201,485) (201,529) (201,562) (202,353) (202,561) (202,577) (203,375) (203,475) (204,291) (204,352) (204,426) (205,598) (206,271) (206,425) (206,539) (207,378) (207,449) (208,290) (208,387) (208,474) (208,577) (209,297) (210,212) (210,296) (210,307) (210,571) (211,499) (212,257) (212,581) (213,568) (214,271) (214,294) (214,427) (215,223) (215,366) (216,234) (216,357) (216,562) (216,595) (217,568) (218,221) (218,243) (218,272) (218,309) (219,314) (219,587) (220,369) (220,444) (221,362) (221,377) (221,413) (222,228) (222,406) (222,462) (222,542) (223,348) (224,322) (224,437) (224,512) (226,264) (226,327) (226,370) (226,379) (226,477) (227,414) (228,510) (228,579) (229,255) (229,376) (229,573) (230,246) (230,352) (230,393) (230,477) (230,480) (231,396) (231,496) (231,516) (232,305) (232,308) (233,298) (233,446) (233,571) (234,290) (234,321) (235,335) (235,375) (235,434) (235,486) (235,586) (236,338) (237,269) (237,429) (237,467) (237,481) (239,488) (240,263) (240,327) (240,434) (240,439) (240,585) (241,250) (241,360) (241,538) (242,262) (242,275) (242,317) (242,382) (242,398) (242,427) (242,490) (243,492) (244,453) (245,362) (246,322) (246,449) (248,270) (249,268) (249,547) (249,561) (250,435) (250,562) (251,280) (251,535) (251,581) (252,274) (252,458) (253,387) (253,550) (254,564) (255,274) (255,312) (255,349) (255,472) (255,571) (256,298) (256,360) (256,586) (257,559) (258,352) (258,387) (258,418) (259,371) (260,327) (260,492) (260,499) (260,561) (261,499) (261,566) (262,476) (263,412) (263,465) (264,455) (264,473) (264,553) (266,482) (266,578) (267,455) (267,496) (267,522) (268,574) (268,584) (269,522) (269,539) (270,361) (270,465) (270,512) (270,552) (270,584) (271,322) (272,296) (272,312) (273,562) (275,368) (277,529) (278,411) (278,494) (278,504) (279,362) (280,592) (281,399) (282,496) (283,382) (283,443) (283,540) (284,316) (284,410) (284,439) (285,418) (285,478) (285,542) (285,572) (285,582) (286,390) (286,465) (287,420) (287,422) (287,511) (288,404) (288,482) (289,405) (289,434) (289,482) (290,298) (290,433) (290,445) (291,349) (291,389) (291,419) (291,504) (291,541) (292,388) (293,331) (294,530) (296,433) (297,571) (299,355) (299,392) (299,493) (300,550) (301,490) (301,509) (302,330) (302,560) (302,563) (304,517) (305,559) (306,366) (306,369) (306,391) (306,495) (307,583) (308,336) (308,415) (309,419) (309,475) (313,410) (313,547) (314,437) (316,486) (317,476) (318,378) (319,418) (319,565) (319,581) (321,353) (321,497) (321,584) (322,590) (323,330) (323,599) (325,412) (325,419) (325,528) (327,585) (328,339) (329,446) (329,447) (330,356) (330,393) (330,482) (330,523) (330,593) (330,595) (333,389) (337,447) (338,374) (338,394) (339,382) (339,414) (339,421) (340,551) (342,389) (342,457) (342,576) (342,589) (344,473) (345,349) (347,475) (347,504) (349,405) (349,434) (349,477) (350,598) (352,475) (352,554) (353,424) (353,500) (353,518) (354,471) (355,397) (358,393) (358,449) (359,458) (359,556) (360,362) (361,572) (363,376) (363,563) (363,566) (363,587) (364,532) (364,598) (365,446) (365,575) (366,551) (366,569) (367,534) (369,445) (369,450) (371,383) (371,456) (371,507) (371,508) (372,390) (372,529) (373,489) (375,448) (377,453) (377,461) (377,490) (377,550) (378,584) (379,576) (380,453) (380,489) (381,436) (381,594) (382,447) (382,488) (383,424) (383,478) (383,554) (386,513) (386,579) (386,592) (388,478) (388,600) (389,463) (390,479) (390,560) (390,591) (391,544) (392,439) (394,396) (394,436) (394,593) (395,444) (395,528) (396,488) (396,588) (398,581) (399,507) (400,449) (400,468) (401,447) (401,522) (403,540) (403,581) (405,452) (405,598) (406,489) (407,549) (408,503) (409,557) (409,589) (411,482) (411,571) (413,530) (414,540) (416,426) (416,482) (417,418) (417,421) (422,426) (423,499) (424,487) (424,492) (424,535) (425,453) (425,582) (427,480) (427,536) (427,564) (428,484) (428,600) (430,433) (430,577) (431,443) (431,455) (431,561) (432,482) (439,550) (440,499) (442,462) (443,459) (444,493) (444,571) (445,557) (445,565) (447,467) (448,504) (448,528) (450,458) (450,463) (450,501) (452,573) (452,599) (455,490) (456,496) (456,576) (457,493) (460,478) (460,499) (461,490) (466,541) (467,593) (469,580) (471,518) (473,514) (475,506) (476,484) (476,594) (477,500) (478,500) (479,524) (479,587) (480,561) (484,587) (486,578) (487,497) (488,511) (489,574) (491,507) (491,585) (494,592) (499,568) (499,592) (509,525) (509,590) (513,574) (520,534) (521,576) (525,529) (528,555) (531,550) (537,557) (537,563) (538,569) (549,596) (559,581) (564,590) (577,599)
;

set K_COMP :=
  (1,158) (1,299) (1,455) (1,561) (2,14) (2,50) (2,177) (2,326) (2,413) (3,44) (3,372) (4,193) (4,227) (4,388) (4,480) (5,59) (5,219) (5,555) (6,20) (6,50) (6,182) (6,272) (6,459) (6,474) (6,575) (7,204) (7,249) (7,274) (7,402) (8,13) (8,102) (8,309) (9,165) (9,190) (9,244) (9,474) (9,508) (10,134) (10,346) (10,378) (11,234) (12,177) (13,81) (13,552) (14,74) (14,376) (15,103) (15,294) (15,403) (16,120) (16,201) (16,577) (17,47) (17,164) (17,360) (18,201) (18,291) (18,404) (18,526) (19,117) (19,515) (20,41) (20,312) (21,67) (21,258) (21,282) (21,527) (21,583) (22,55) (23,145) (23,159) (23,215) (24,306) (24,414) (24,547) (25,98) (25,334) (25,431) (25,435) (25,516) (26,46) (26,84) (26,504) (26,571) (27,50) (27,68) (27,432) (27,561) (28,572) (29,123) (29,265) (29,440) (29,495) (30,84) (30,360) (30,458) (30,598) (31,254) (31,269) (32,172) (32,431) (33,213) (33,417) (33,577) (34,268) (34,335) (35,243) (35,552) (35,583) (36,92) (36,193) (36,371) (36,394) (36,458) (36,463) (36,505) (37,98) (38,541) (39,202) (39,240) (39,335) (39,346) (39,490) (40,145) (40,273) (40,548) (42,85) (42,163) (42,448) (44,280) (45,277) (46,180) (46,291) (47,239) (47,337) (47,354) (47,390) (48,125) (48,144) (48,533) (49,358) (50,313) (50,506) (51,64) (51,266) (52,74) (52,307) (52,330) (53,73) (53,196) (53,386) (53,414) (54,121) (54,155) (54,231) (54,489) (54,512) (54,572) (55,447) (56,103) (56,241) (56,308) (56,332) (56,375) (57,85) (57,113) (57,114) (57,182) (57,366) (57,394) (57,420) (57,434) (58,493) (61,177) (61,215) (61,232) (61,245) (62,273) (63,430) (64,86) (64,395) (64,545) (65,395) (66,459) (68,181) (68,290) (68,468) (68,503) (69,331) (69,395) (71,132) (71,470) (72,113) (72,205) (72,313) (72,323) (73,130) (73,197) (73,539) (73,547) (74,157) (74,556) (75,109) (75,232) (76,166) (76,514) (77,477) (77,529) (77,586) (78,586) (79,382) (79,398) (80,223) (81,140) (81,540) (82,258) (82,326) (82,420) (82,438) (82,464) (83,181) (83,188) (83,291) (83,494) (83,534) (83,588) (84,223) (84,262) (84,328) (85,375) (86,244) (86,324) (86,377) (87,136) (87,252) (87,281) (87,388) (88,297) (88,453) (89,417) (90,373) (90,414) (90,461) (90,511) (90,550) (91,468) (92,152) (92,274) (93,301) (93,466) (94,356) (94,417) (94,423) (95,411) (95,487) (95,511) (96,241) (96,324) (97,147) (97,355) (97,464) (98,204) (98,337) (98,483) (99,327) (99,358) (99,365) (100,310) (101,213) (101,449) (101,524) (102,234) (102,340) (102,535) (103,197) (103,331) (103,412) (103,530) (104,151) (104,263) (104,516) (104,529) (105,222) (105,480) (106,127) (106,292) (107,130) (107,284) (108,131) (108,138) (108,205) (108,255) (108,302) (108,483) (109,248) (109,265) (109,336) (110,137) (110,376) (110,592) (111,207) (111,561) (112,135) (112,222) (112,248) (112,290) (112,362) (112,526) (113,330) (114,165) (114,208) (114,441) (115,120) (115,252) (115,391) (115,481) (116,331) (117,244) (118,197) (118,220) (118,307) (118,445) (118,455) (118,498) (118,562) (119,263) (119,476) (120,352) (121,166) (122,323) (122,487) (123,518) (124,310) (124,333) (124,345) (125,158) (125,258) (125,296) (125,584) (126,150) (126,155) (126,429) (127,369) (127,398) (127,478) (129,217) (129,504) (130,232) (130,467) (131,245) (131,555) (132,137) (132,349) (132,423) (132,437) (133,203) (133,292) (133,309) (133,396) (134,409) (135,468) (135,548) (136,500) (137,149) (137,351) (137,355) (137,470) (137,566) (138,191) (138,334) (138,556) (139,346) (140,287) (140,434) (140,449) (140,456) (140,582) (141,599) (142,222) (142,280) (144,173) (144,325) (144,564) (145,171) (145,207) (145,492) (145,557) (146,230) (146,288) (146,575) (148,314) (148,441) (148,474) (148,529) (149,204) (149,305) (149,375) (149,420) (149,550) (149,557) (150,175) (150,416) (150,464) (151,420) (151,500) (151,575) (153,427) (153,506) (154,471) (155,515) (155,594) (155,596) (156,175) (156,250) (156,345) (158,408) (158,555) (159,172) (159,282) (159,544) (159,589) (160,222) (160,492) (161,167) (161,175) (161,465) (161,476) (161,511) (162,199) (162,417) (162,441) (163,165) (163,285) (164,179) (165,321) (166,339) (166,381) (166,404) (166,466) (166,522) (167,220) (167,329) (167,591) (168,310) (168,490) (170,369) (171,179) (171,465) (171,473) (172,261) (172,353) (172,358) (173,198) (173,414) (173,463) (174,186) (174,393) (175,177) (175,385) (176,476) (176,542) (177,399) (177,490) (177,557) (177,587) (178,326) (178,509) (179,309) (179,493) (179,527) (179,575) (180,189) (180,279) (180,389) (180,451) (181,355) (181,539) (182,485) (182,540) (184,376) (184,416) (185,535) (185,583) (186,376) (187,318) (187,335) (188,371) (189,587) (190,591) (192,560) (193,197) (194,583) (195,207) (195,268) (195,541) (195,565) (195,580) (196,197) (196,276) (196,386) (197,337) (198,212) (198,223) (198,241) (198,559) (199,212) (199,492) (200,212) (200,436) (200,489) (200,552) (201,221) (201,253) (202,325) (203,411) (203,479) (204,252) (204,344) (204,393) (204,530) (205,211) (205,273) (205,285) (205,545) (206,426) (206,460) (206,589) (207,512) (208,377) (208,378) (208,526) (209,251) (211,323) (212,215) (212,317) (212,570) (213,328) (213,547) (214,306) (214,308) (214,355) (214,363) (214,383) (214,413) (216,432) (216,509) (217,242) (217,568) (218,393) (218,462) (218,595) (221,281) (221,349) (221,483) (221,566) (221,582) (222,492) (222,517) (223,368) (224,390) (224,475) (224,535) (224,568) (224,573) (224,590) (225,262) (225,354) (225,466) (225,573) (226,446) (227,289) (228,405) (229,285) (229,554) (230,378) (230,380) (231,383) (232,511) (232,526) (233,280) (233,306) (233,367) (233,474) (234,372) (234,480) (235,249) (235,574) (236,315) (237,412) (237,553) (238,354) (238,410) (238,480) (240,331) (240,356) (241,359) (241,556) (241,588) (242,541) (243,250) (244,405) (244,475) (244,572) (245,325) (245,422) (245,474) (246,298) (246,520) (247,416) (248,392) (248,439) (249,474) (249,512) (252,338) (252,465) (253,498) (254,585) (255,447) (257,387) (257,548) (258,313) (258,386) (258,597) (259,398) (260,296) (261,441) (261,469) (264,304) (264,525) (265,349) (265,531) (265,568) (266,520) (266,559) (267,586) (267,590) (268,341) (268,384) (269,393) (269,488) (270,286) (271,343) (272,343) (272,525) (272,554) (273,429) (274,525) (275,339) (275,387) (275,585) (277,546) (277,549) (278,453) (279,374) (279,507) (279,548) (280,385) (280,389) (282,375) (283,362) (284,460) (286,306) (286,558) (287,427) (288,382) (288,562) (289,369) (290,328) (290,387) (290,486) (291,324) (291,423) (291,586) (292,343) (292,384) (292,399) (293,461) (294,405) (295,368) (295,412) (296,489) (297,377) (297,481) (297,565) (298,417) (300,319) (301,370) (301,551) (302,573) (303,309) (305,329) (305,424) (305,439) (305,520) (307,455) (308,318) (308,346) (309,477) (311,373) (311,439) (311,467) (311,535) (312,457) (312,489) (312,545) (313,450) (313,459) (313,496) (314,351) (314,406) (315,406) (315,462) (315,545) (319,383) (320,443) (321,500) (322,427) (322,430) (325,479) (325,547) (326,407) (327,487) (328,488) (328,562) (329,331) (329,357) (329,494) (330,386) (332,356) (333,402) (333,417) (335,358) (335,527) (336,443) (338,346) (339,535) (339,594) (340,374) (340,464) (340,521) (343,528) (345,558) (346,421) (346,432) (347,450) (347,492) (349,551) (350,518) (350,559) (350,595) (352,445) (352,527) (352,529) (353,417) (353,438) (353,506) (353,531) (354,491) (355,497) (357,408) (357,441) (358,486) (358,595) (359,428) (359,599) (360,389) (360,403) (360,478) (361,537) (362,516) (363,430) (365,594) (368,423) (368,558) (369,591) (370,525) (370,559) (372,385) (377,515) (379,592) (380,568) (381,433) (381,556) (382,435) (382,582) (383,406) (383,496) (384,391) (384,500) (384,504) (385,592) (387,392) (388,425) (388,550) (390,434) (393,410) (394,461) (394,521) (395,471) (395,483) (395,516) (395,567) (397,501) (398,417) (398,467) (400,421) (400,478) (402,555) (402,576) (403,465) (403,584) (404,416) (406,490) (406,579) (407,428) (407,554) (409,525) (409,549) (410,543) (412,456) (413,468) (416,570) (417,442) (417,510) (417,583) (419,554) (420,585) (422,482) (422,599) (425,426) (427,575) (429,441) (430,490) (431,442) (434,441) (435,441) (437,469) (439,475) (439,497) (440,494) (442,486) (442,502) (442,508) (442,552) (442,591) (443,568) (443,574) (445,566) (446,540) (447,505) (448,504) (448,505) (448,544) (450,517) (454,553) (458,465) (458,528) (459,485) (463,580) (466,482) (467,520) (468,554) (468,583) (469,492) (470,476) (470,570) (470,599) (472,542) (478,590) (486,492) (487,518) (487,592) (489,552) (494,588) (495,549) (496,563) (497,535) (501,523) (501,525) (503,591) (509,538) (511,561) (512,515) (513,553) (520,524) (521,567) (523,546) (525,529) (529,576) (533,538) (534,576) (537,587) (544,583) (550,573) (551,571) (554,578) (555,591) (560,594) (563,564) (580,586)
;
